
# OSU MPI Bandwidth Test v8.0rc
# Datatype: MPI_CHAR.
# Size      Bandwidth (MB/s)
1                       3.89
2                       7.80
4                      15.43
8                      30.80
16                     61.47
32                    120.70
64                    234.54
128                   430.04
256                   845.06
512                  1643.61
1024                 2972.32
2048                 5109.26
4096                 7464.75
8192                10044.79
16384               10987.96
32768               11515.68
65536               11921.36
131072              12082.79
262144              12167.06
524288              12211.32
1048576             12232.53
2097152             12243.14
4194304             12248.64
