
# OSU MPI Bandwidth Test v8.0rc
# Datatype: MPI_CHAR.
# Size      Bandwidth (MB/s)
1                       3.80
2                       7.60
4                      15.42
8                      30.88
16                     61.23
32                    119.76
64                    232.09
128                   412.93
256                   814.69
512                  1589.97
1024                 2983.94
2048                 5104.97
4096                 7507.66
8192                 9997.95
16384               10995.36
32768               11530.32
65536               11915.35
131072              12084.88
262144              12165.43
524288              12209.40
1048576             12232.35
2097152             12242.89
4194304             12248.69
