
# OSU MPI Bandwidth Test v8.0rc
# Datatype: MPI_CHAR.
# Size      Bandwidth (MB/s)
1                       3.90
2                       7.83
4                      15.50
8                      31.06
16                     61.90
32                    121.14
64                    236.92
128                   432.03
256                   839.35
512                  1633.09
1024                 3082.25
2048                 5041.03
4096                 7539.87
8192                 9993.23
16384               10862.50
32768               11502.69
65536               11918.46
131072              12080.78
262144              12155.19
524288              12209.81
1048576             12231.94
2097152             12242.84
4194304             12248.64
