
# OSU MPI Bandwidth Test v8.0rc
# Datatype: MPI_CHAR.
# Size      Bandwidth (MB/s)
1                       3.66
2                       7.56
4                      15.49
8                      31.11
16                     61.96
32                    121.52
64                    237.37
128                   433.28
256                   850.58
512                  1560.19
1024                 2936.55
2048                 4952.23
4096                 7429.06
8192                10016.20
16384               10939.83
32768               11491.53
65536               11917.17
131072              12081.35
262144              12163.95
524288              12208.94
1048576             12231.94
2097152             12243.08
4194304             12248.69
