
# OSU MPI Bandwidth Test v8.0rc
# Datatype: MPI_CHAR.
# Size      Bandwidth (MB/s)
1                       3.68
2                       7.69
4                      15.44
8                      30.98
16                     61.56
32                    120.27
64                    220.58
128                   405.60
256                   782.32
512                  1547.17
1024                 2931.95
2048                 4952.36
4096                 7171.70
8192                 9808.46
16384               10847.27
32768               11500.73
65536               11917.85
131072              12084.51
262144              12167.15
524288              12210.27
1048576             12232.11
2097152             12243.14
4194304             12248.78
