
# OSU MPI Bandwidth Test v8.0rc
# Datatype: MPI_CHAR.
# Size      Bandwidth (MB/s)
1                       3.64
2                       7.35
4                      14.64
8                      29.11
16                     58.72
32                    114.98
64                    222.92
128                   417.01
256                   840.04
512                  1641.99
1024                 3082.50
2048                 5046.58
4096                 7468.51
8192                 9987.53
16384               10940.18
32768               11528.86
65536               11913.56
131072              12080.45
262144              12164.85
524288              12210.73
1048576             12232.00
2097152             12242.40
4194304             12248.68
