
# OSU MPI Bandwidth Test v8.0rc
# Datatype: MPI_CHAR.
# Size      Bandwidth (MB/s)
1                       3.65
2                       7.75
4                      14.45
8                      30.59
16                     58.59
32                    117.86
64                    237.60
128                   432.03
256                   848.36
512                  1649.70
1024                 3086.04
2048                 5002.39
4096                 7249.17
8192                 9780.53
16384               10808.83
32768               11449.47
65536               11909.83
131072              12083.82
262144              12165.37
524288              12210.66
1048576             12232.17
2097152             12243.00
4194304             12248.67
