
# OSU MPI Bandwidth Test v8.0rc
# Datatype: MPI_CHAR.
# Size      Bandwidth (MB/s)
1                       3.63
2                       7.52
4                      15.40
8                      30.53
16                     57.95
32                    114.26
64                    231.74
128                   430.91
256                   842.21
512                  1646.04
1024                 3064.08
2048                 5141.42
4096                 7493.29
8192                 9974.61
16384               10930.75
32768               11523.13
65536               11918.20
131072              12083.80
262144              12165.76
524288              12210.37
1048576             12232.31
2097152             12242.84
4194304             12248.66
