
# OSU MPI Bandwidth Test v8.0rc
# Datatype: MPI_CHAR.
# Size      Bandwidth (MB/s)
1                       3.61
2                       7.32
4                      14.50
8                      29.03
16                     58.22
32                    113.34
64                    217.15
128                   398.70
256                   780.88
512                  1532.51
1024                 2872.98
2048                 4836.55
4096                 7218.31
8192                 9911.02
16384               10702.10
32768               11488.69
65536               11908.43
131072              12081.73
262144              12165.63
524288              12209.94
1048576             12232.29
2097152             12243.10
4194304             12248.63
