
# OSU MPI Bandwidth Test v8.0rc
# Datatype: MPI_CHAR.
# Size      Bandwidth (MB/s)
1                       3.84
2                       7.45
4                      14.56
8                      28.70
16                     58.12
32                    114.23
64                    236.66
128                   405.18
256                   792.27
512                  1608.61
1024                 3030.48
2048                 5072.73
4096                 7489.27
8192                 9975.67
16384               10968.01
32768               11536.49
65536               11919.95
131072              12085.14
262144              12166.59
524288              12209.79
1048576             12232.22
2097152             12242.95
4194304             12248.74
