
# OSU MPI Bandwidth Test v8.0rc
# Datatype: MPI_CHAR.
# Size      Bandwidth (MB/s)
1                       0.39
2                       0.79
4                       1.49
8                       3.30
16                      6.22
32                     13.43
64                     20.46
128                    52.00
256                    73.13
512                   242.01
1024                  443.71
2048                  852.61
4096                  890.15
8192                 1786.71
16384                2096.32
32768                2463.79
65536                2986.42
131072               3836.04
262144               4175.36
524288               4798.11
1048576              4973.29
2097152              5018.40
4194304              4983.72
