
# OSU MPI Bandwidth Test v8.0rc
# Datatype: MPI_CHAR.
# Size      Bandwidth (MB/s)
1                       0.42
2                       0.82
4                       1.87
8                       2.64
16                      4.80
32                     14.68
64                     17.02
128                    42.71
256                    78.03
512                   229.64
1024                  285.59
2048                  616.43
4096                 1165.48
8192                 1661.04
16384                2304.94
32768                2893.84
65536                3361.74
131072               4185.86
262144               4566.16
524288               5240.46
1048576              5459.04
2097152              5408.38
4194304              5225.17
