
# OSU MPI Bandwidth Test v8.0rc
# Datatype: MPI_CHAR.
# Size      Bandwidth (MB/s)
1                       0.39
2                       0.73
4                       1.71
8                       3.25
16                      4.08
32                     10.83
64                     22.97
128                    40.77
256                    89.11
512                   181.75
1024                  404.62
2048                  715.69
4096                 1295.15
8192                 1884.42
16384                2258.74
32768                2570.02
65536                2639.77
131072               3507.09
262144               4320.73
524288               4647.38
1048576              5057.14
2097152              5076.82
4194304              4957.25
