
# OSU MPI Bandwidth Test v8.0rc
# Datatype: MPI_CHAR.
# Size      Bandwidth (MB/s)
1                       0.26
2                       0.47
4                       1.62
8                       2.24
16                      5.32
32                     13.36
64                     22.59
128                    52.69
256                   123.52
512                   207.83
1024                  396.72
2048                  780.41
4096                 1495.84
8192                 1675.90
16384                2246.27
32768                3102.94
65536                3134.69
131072               3725.98
262144               4438.96
524288               5163.84
1048576              5337.06
2097152              5306.98
4194304              5183.85
