
# OSU MPI Bandwidth Test v8.0rc
# Datatype: MPI_CHAR.
# Size      Bandwidth (MB/s)
1                       0.37
2                       0.64
4                       1.18
8                       2.89
16                      5.20
32                      8.87
64                     28.89
128                    55.63
256                    98.94
512                   170.21
1024                  287.47
2048                  579.66
4096                 1255.79
8192                 2010.85
16384                2425.60
32768                2733.01
65536                2903.06
131072               3814.04
262144               4752.64
524288               5079.71
1048576              5298.86
2097152              5253.87
4194304              5043.87
