
# OSU MPI Bandwidth Test v8.0rc
# Datatype: MPI_CHAR.
# Size      Bandwidth (MB/s)
1                       0.31
2                       0.60
4                       1.51
8                       2.85
16                      6.27
32                     13.57
64                     27.55
128                    53.97
256                   111.66
512                   230.66
1024                  262.77
2048                  523.51
4096                  811.05
8192                 1306.13
16384                1953.61
32768                2616.60
65536                2616.03
131072               3574.86
262144               3901.03
524288               4653.04
1048576              5001.12
2097152              5086.59
4194304              4996.75
