
# OSU MPI Bandwidth Test v8.0rc
# Datatype: MPI_CHAR.
# Size      Bandwidth (MB/s)
1                       0.21
2                       0.43
4                       1.25
8                       2.42
16                      6.22
32                     12.60
64                     28.32
128                    51.67
256                    96.31
512                   166.46
1024                  371.01
2048                  673.51
4096                  998.88
8192                 1706.01
16384                2257.23
32768                2580.26
65536                2684.42
131072               3592.57
262144               4105.31
524288               4949.54
1048576              5060.60
2097152              5080.42
4194304              4975.57
