
# OSU MPI Bandwidth Test v8.0rc
# Datatype: MPI_CHAR.
# Size      Bandwidth (MB/s)
1                       0.29
2                       0.95
4                       1.35
8                       2.54
16                      4.91
32                     13.63
64                     29.22
128                    48.22
256                   123.80
512                   200.37
1024                  366.77
2048                  595.60
4096                  691.71
8192                 1525.21
16384                2128.77
32768                2959.99
65536                2814.82
131072               4091.94
262144               4724.06
524288               5215.29
1048576              5445.70
2097152              5346.87
4194304              5155.74
