
# OSU MPI Bandwidth Test v8.0rc
# Datatype: MPI_CHAR.
# Size      Bandwidth (MB/s)
1                       0.40
2                       0.81
4                       1.24
8                       2.10
16                      6.54
32                     11.10
64                     24.92
128                    43.83
256                   107.72
512                   241.53
1024                  409.48
2048                  608.95
4096                 1163.20
8192                 1495.35
16384                2107.05
32768                2605.94
65536                3108.41
131072               3875.27
262144               4356.59
524288               5113.13
1048576              5200.35
2097152              4848.45
4194304              4977.88
