
# OSU MPI Bandwidth Test v8.0rc
# Datatype: MPI_CHAR.
# Size      Bandwidth (MB/s)
1                       0.31
2                       0.53
4                       1.08
8                       3.43
16                      6.27
32                     10.35
64                     25.39
128                    55.42
256                   110.98
512                   205.33
1024                  394.85
2048                  509.35
4096                 1481.27
8192                 1800.48
16384                2187.51
32768                2911.58
65536                3121.17
131072               3880.06
262144               4414.00
524288               5203.19
1048576              5349.09
2097152              5248.97
4194304              5127.30
