
# OSU MPI Bandwidth Test v8.0rc
# Datatype: MPI_CHAR.
# Size      Bandwidth (MB/s)
1                      17.76
2                      29.43
4                      62.71
8                     125.99
16                    234.53
32                    686.64
64                   1374.89
128                  1850.14
256                  3405.94
512                  6382.43
1024                11724.18
2048                17130.62
4096                10255.54
8192                11779.21
16384               13043.56
32768                9106.21
65536               14576.90
131072              16446.52
262144              15134.40
524288              18636.73
1048576             19603.15
2097152             20023.11
4194304             20108.37
