
# OSU MPI Bandwidth Test v8.0rc
# Datatype: MPI_CHAR.
# Size      Bandwidth (MB/s)
1                      19.49
2                      33.28
4                      71.16
8                     143.28
16                    262.70
32                    690.81
64                   1385.58
128                  1884.25
256                  3393.67
512                  6405.52
1024                11510.16
2048                16466.62
4096                17776.64
8192                23128.02
16384               25539.62
32768                8994.20
65536               14442.47
131072              17612.83
262144              18734.55
524288              18614.12
1048576             19483.59
2097152             21326.11
4194304             21569.23
