
# OSU MPI Bandwidth Test v8.0rc
# Datatype: MPI_CHAR.
# Size      Bandwidth (MB/s)
1                      20.28
2                      33.14
4                      73.67
8                     146.28
16                    294.71
32                    547.81
64                   1390.17
128                  1775.68
256                  3343.54
512                  6214.74
1024                10156.62
2048                16609.26
4096                10147.33
8192                11682.51
16384               11997.72
32768                9037.47
65536               15145.30
131072              17816.50
262144              18590.20
524288              18317.67
1048576             19365.51
2097152             20271.73
4194304             20878.60
