
# OSU MPI Bandwidth Test v8.0rc
# Datatype: MPI_CHAR.
# Size      Bandwidth (MB/s)
1                      20.24
2                      32.99
4                      71.72
8                     146.48
16                    294.79
32                    589.68
64                   1088.97
128                  1841.76
256                  3403.48
512                  6304.19
1024                11443.80
2048                16760.85
4096                10370.76
8192                11726.20
16384               13019.41
32768                9048.61
65536               15287.83
131072              17316.08
262144              14639.30
524288              18827.05
1048576             19898.58
2097152             19506.67
4194304             20575.32
