
# OSU MPI Bandwidth Test v8.0rc
# Datatype: MPI_CHAR.
# Size      Bandwidth (MB/s)
1                      20.63
2                      31.69
4                      72.76
8                     144.15
16                    291.15
32                    557.34
64                   1331.93
128                  1793.19
256                  3428.20
512                  6329.99
1024                10672.05
2048                16811.99
4096                10340.44
8192                11864.59
16384               12136.46
32768                9009.24
65536               15250.43
131072              17264.40
262144              18671.84
524288              18980.65
1048576             19865.03
2097152             20757.78
4194304             21043.11
