
# OSU MPI Bandwidth Test v8.0rc
# Datatype: MPI_CHAR.
# Size      Bandwidth (MB/s)
1                      20.91
2                      35.91
4                      72.83
8                     146.14
16                    295.94
32                    585.73
64                   1171.57
128                  1627.39
256                  3366.92
512                  6260.88
1024                10566.64
2048                16660.13
4096                10361.15
8192                11857.64
16384               12076.64
32768                9251.14
65536               14486.69
131072              17097.48
262144              18486.48
524288              18278.02
1048576             18977.12
2097152             19506.57
4194304             21142.65
