
# OSU MPI Bandwidth Test v8.0rc
# Datatype: MPI_CHAR.
# Size      Bandwidth (MB/s)
1                      20.62
2                      34.36
4                      72.85
8                     146.01
16                    295.27
32                    579.31
64                   1160.76
128                  1737.16
256                  3266.94
512                  6110.72
1024                11013.45
2048                16848.76
4096                19445.36
8192                12603.28
16384               12685.72
32768                9274.18
65536               14603.79
131072              17121.12
262144              15174.05
524288              19211.75
1048576             20407.48
2097152             21248.92
4194304             21517.65
