
# OSU MPI Bandwidth Test v8.0rc
# Datatype: MPI_CHAR.
# Size      Bandwidth (MB/s)
1                      20.47
2                      40.41
4                      85.55
8                     170.11
16                    344.55
32                    689.46
64                   1384.55
128                  1838.64
256                  3429.37
512                  6400.39
1024                11680.58
2048                16706.52
4096                19849.13
8192                25132.44
16384               27033.59
32768                9386.16
65536               14933.89
131072              17347.34
262144              18142.79
524288              18477.73
1048576             19478.42
2097152             20624.02
4194304             21349.56
