
# OSU MPI Bandwidth Test v8.0rc
# Datatype: MPI_CHAR.
# Size      Bandwidth (MB/s)
1                      20.99
2                      32.76
4                      71.80
8                     145.05
16                    292.33
32                    583.81
64                   1077.06
128                  1868.77
256                  3407.12
512                  6223.66
1024                11258.28
2048                16582.58
4096                19645.62
8192                24701.00
16384               21310.81
32768                9059.19
65536               14577.91
131072              16594.89
262144              18702.26
524288              20321.81
1048576             21568.09
2097152             22118.47
4194304             21324.47
