
# OSU MPI Bandwidth Test v8.0rc
# Datatype: MPI_CHAR.
# Size      Bandwidth (MB/s)
1                      20.55
2                      33.84
4                      73.54
8                     145.76
16                    293.63
32                    588.52
64                   1111.66
128                  1858.66
256                  3409.74
512                  6422.86
1024                11015.21
2048                16719.45
4096                10388.03
8192                11909.31
16384               15987.32
32768                9097.40
65536               15316.21
131072              16849.27
262144              17676.46
524288              18798.58
1048576             19470.59
2097152             20931.67
4194304             21527.85
