
# OSU MPI Latency Test v8.0rc
# Datatype: MPI_CHAR.
# Size       Avg Latency(us)
1                      13.37
2                      13.14
4                      13.33
8                      13.25
16                     12.84
32                     13.08
64                     13.04
128                    13.32
256                    13.79
512                    14.18
1024                   15.16
2048                   15.50
4096                   16.61
8192                   20.61
16384                  31.96
32768                  40.14
65536                  84.67
131072                 97.37
262144                160.11
524288                267.57
1048576               499.44
2097152               891.20
4194304              1649.18
