
# OSU MPI Latency Test v8.0rc
# Datatype: MPI_CHAR.
# Size       Avg Latency(us)
1                      13.61
2                      13.33
4                      13.37
8                      13.20
16                     13.16
32                     13.13
64                     13.18
128                    13.55
256                    13.96
512                    14.18
1024                   15.16
2048                   15.31
4096                   17.42
8192                   20.66
16384                  30.07
32768                  39.48
65536                  83.97
131072                 98.19
262144                144.25
524288                320.61
1048576               541.59
2097152               886.90
4194304              1635.58
