
# OSU MPI Latency Test v8.0rc
# Datatype: MPI_CHAR.
# Size       Avg Latency(us)
1                      22.08
2                      14.18
4                      13.36
8                      13.50
16                     13.40
32                     13.12
64                     13.18
128                    13.53
256                    14.06
512                    14.55
1024                   15.48
2048                   16.33
4096                   18.04
8192                   21.53
16384                  29.91
32768                  38.22
65536                  87.80
131072                101.69
262144                144.87
524288                284.21
1048576               548.92
2097152               914.60
4194304              1742.62
