
# OSU MPI Latency Test v8.0rc
# Datatype: MPI_CHAR.
# Size       Avg Latency(us)
1                      23.40
2                      23.29
4                      13.73
8                      13.42
16                     13.45
32                     13.62
64                     13.51
128                    13.94
256                    14.44
512                    14.58
1024                   15.63
2048                   15.67
4096                   17.22
8192                   19.60
16384                  26.73
32768                  41.32
65536                  87.23
131072                100.21
262144                136.74
524288                299.95
1048576               557.23
2097152               908.05
4194304              1703.97
