
# OSU MPI Latency Test v8.0rc
# Datatype: MPI_CHAR.
# Size       Avg Latency(us)
1                      13.30
2                      13.27
4                      12.82
8                      13.30
16                     13.15
32                     13.27
64                     13.31
128                    13.46
256                    14.11
512                    14.32
1024                   15.07
2048                   15.40
4096                   16.97
8192                   18.64
16384                  29.40
32768                  42.25
65536                  86.93
131072                112.22
262144                133.40
524288                323.22
1048576               542.44
2097152               885.28
4194304              1644.10
