
# OSU MPI Latency Test v8.0rc
# Datatype: MPI_CHAR.
# Size       Avg Latency(us)
1                      13.48
2                      13.34
4                      13.43
8                      13.49
16                     13.37
32                     13.33
64                     13.20
128                    13.72
256                    14.10
512                    14.09
1024                   15.73
2048                   16.29
4096                   17.62
8192                   21.27
16384                  34.10
32768                  39.05
65536                  82.44
131072                101.11
262144                134.27
524288                297.19
1048576               479.59
2097152               935.95
4194304              1679.60
