
# OSU MPI Latency Test v8.0rc
# Datatype: MPI_CHAR.
# Size       Avg Latency(us)
1                      13.84
2                      13.59
4                      13.57
8                      12.78
16                     13.32
32                     13.23
64                     13.24
128                    13.12
256                    13.76
512                    14.48
1024                   15.08
2048                   15.49
4096                   16.92
8192                   19.59
16384                  26.21
32768                  40.20
65536                  83.08
131072                101.28
262144                130.96
524288                328.08
1048576               535.95
2097152               920.60
4194304              1669.58
