
# OSU MPI Latency Test v8.0rc
# Datatype: MPI_CHAR.
# Size       Avg Latency(us)
1                      30.36
2                      30.52
4                      13.14
8                      13.44
16                     13.17
32                     13.43
64                     13.30
128                    13.46
256                    13.90
512                    14.44
1024                   15.18
2048                   15.28
4096                   16.72
8192                   18.80
16384                  45.80
32768                  41.94
65536                  87.61
131072                 96.49
262144                134.29
524288                277.03
1048576               523.20
2097152               946.33
4194304              1627.95
