
# OSU MPI Latency Test v8.0rc
# Datatype: MPI_CHAR.
# Size       Avg Latency(us)
1                      14.21
2                      13.11
4                      12.97
8                      12.84
16                     12.85
32                     13.24
64                     12.75
128                    12.89
256                    13.74
512                    14.08
1024                   15.07
2048                   15.33
4096                   17.02
8192                   20.47
16384                  29.97
32768                  43.65
65536                  88.69
131072                 99.61
262144                134.64
524288                273.47
1048576               543.19
2097152               947.17
4194304              1622.05
