
# OSU MPI Latency Test v8.0rc
# Datatype: MPI_CHAR.
# Size       Avg Latency(us)
1                      13.36
2                      12.83
4                      13.44
8                      13.12
16                     13.26
32                     13.25
64                     13.20
128                    13.68
256                    13.81
512                    14.35
1024                   14.79
2048                   15.30
4096                   18.51
8192                   21.28
16384                  30.62
32768                  43.86
65536                  88.77
131072                 95.50
262144                132.80
524288                290.64
1048576               553.14
2097152               896.20
4194304              1656.85
