
# OSU MPI Bandwidth Test v8.0rc
# Datatype: MPI_CHAR.
# Size      Bandwidth (MB/s)
1                      13.68
2                      22.87
4                      46.92
8                      91.38
16                    217.61
32                    442.06
64                    674.78
128                  1020.98
256                  1770.43
512                  4006.89
1024                 7423.44
2048                11372.73
4096                 8844.12
8192                12265.06
16384               23052.33
32768               27972.26
65536               28763.84
131072              27863.38
262144              28800.60
524288              29210.89
1048576             29516.78
2097152             29089.37
4194304             29198.49
