
# OSU MPI Bandwidth Test v8.0rc
# Datatype: MPI_CHAR.
# Size      Bandwidth (MB/s)
1                      12.26
2                      23.16
4                      46.24
8                      96.21
16                    217.66
32                    432.71
64                    672.18
128                  1032.36
256                  1767.13
512                  4090.37
1024                 7473.45
2048                11267.53
4096                 8703.54
8192                10287.25
16384               11726.35
32768               12827.75
65536               12747.33
131072              12825.69
262144              12435.93
524288              19324.43
1048576             29209.23
2097152             29257.58
4194304             28698.37
