
# OSU MPI Bandwidth Test v8.0rc
# Datatype: MPI_CHAR.
# Size      Bandwidth (MB/s)
1                      12.00
2                      22.04
4                      45.61
8                     100.79
16                    214.33
32                    428.31
64                    673.89
128                  1027.73
256                  1761.06
512                  3884.38
1024                 7158.79
2048                11207.51
4096                 9132.15
8192                10547.09
16384               11609.96
32768               12698.74
65536               12809.78
131072              12876.84
262144              12547.17
524288              12537.70
1048576             12445.81
2097152             12405.44
4194304             12482.23
