
# OSU MPI Bandwidth Test v8.0rc
# Datatype: MPI_CHAR.
# Size      Bandwidth (MB/s)
1                      13.90
2                      27.77
4                      56.31
8                     111.98
16                    221.79
32                    443.80
64                    673.53
128                  1033.51
256                  1797.05
512                  3956.16
1024                 7458.23
2048                11229.00
4096                 9479.96
8192                16041.60
16384               23167.65
32768               27687.65
65536               28606.33
131072              27901.45
262144              28394.71
524288              28734.74
1048576             29031.30
2097152             28981.36
4194304             29348.19
