
# OSU MPI Bandwidth Test v8.0rc
# Datatype: MPI_CHAR.
# Size      Bandwidth (MB/s)
1                      13.22
2                      23.18
4                      44.58
8                      87.47
16                    196.11
32                    417.21
64                    656.32
128                  1018.40
256                  1752.90
512                  3934.22
1024                 7030.86
2048                10990.94
4096                 8752.98
8192                12540.75
16384               21615.22
32768               12654.73
65536               23039.53
131072              28808.39
262144              28524.08
524288              28794.26
1048576             28624.04
2097152             28329.25
4194304             28635.80
