
# OSU MPI Bandwidth Test v8.0rc
# Datatype: MPI_CHAR.
# Size      Bandwidth (MB/s)
1                      12.64
2                      22.52
4                      45.72
8                      90.50
16                    206.91
32                    429.61
64                    676.39
128                  1022.16
256                  1746.52
512                  4049.57
1024                 7499.07
2048                11411.76
4096                 9165.02
8192                15474.08
16384               23046.59
32768               28406.48
65536               29167.73
131072              29285.95
262144              29212.75
524288              29543.38
1048576             30264.24
2097152             30616.53
4194304             29337.64
