
# OSU MPI Bandwidth Test v8.0rc
# Datatype: MPI_CHAR.
# Size      Bandwidth (MB/s)
1                      12.34
2                      22.67
4                      45.92
8                      94.30
16                    214.73
32                    428.03
64                    677.30
128                  1037.55
256                  1799.87
512                  4005.80
1024                 7565.53
2048                11306.87
4096                 9361.18
8192                10737.37
16384               12161.66
32768               12913.66
65536               12877.20
131072              12960.21
262144              12521.40
524288              12506.77
1048576             23509.63
2097152             28820.53
4194304             28301.41
