
# OSU MPI Bandwidth Test v8.0rc
# Datatype: MPI_CHAR.
# Size      Bandwidth (MB/s)
1                      13.14
2                      22.99
4                      46.89
8                      96.60
16                    220.29
32                    444.01
64                    666.97
128                  1022.16
256                  1756.05
512                  4082.48
1024                 7508.65
2048                11438.91
4096                 9005.54
8192                10531.38
16384               11614.79
32768               12725.61
65536               12825.22
131072              12887.02
262144              12594.78
524288              12580.11
1048576             25240.22
2097152             29743.65
4194304             29324.24
