
# OSU MPI Bandwidth Test v8.0rc
# Datatype: MPI_CHAR.
# Size      Bandwidth (MB/s)
1                      13.84
2                      23.48
4                      47.23
8                      94.57
16                    178.09
32                    443.96
64                    672.21
128                  1037.01
256                  1792.54
512                  3964.54
1024                 7350.97
2048                11217.05
4096                 8865.93
8192                15145.46
16384               22907.21
32768               28041.38
65536               29559.05
131072              29230.63
262144              28936.29
524288              29099.17
1048576             29876.11
2097152             30422.15
4194304             29232.82
