
# OSU MPI Bandwidth Test v8.0rc
# Datatype: MPI_CHAR.
# Size      Bandwidth (MB/s)
1                      12.94
2                      26.95
4                      54.19
8                     108.86
16                    211.28
32                    420.62
64                    673.00
128                  1028.68
256                  1785.22
512                  4137.19
1024                 7555.76
2048                11431.17
4096                 9259.44
8192                10731.27
16384               11754.10
32768               12940.37
65536               12958.79
131072              12989.47
262144              12597.78
524288              17344.37
1048576             30248.83
2097152             29958.02
4194304             29166.31
