
# OSU MPI Latency Test v7.5.2
# Datatype: MPI_CHAR.
# Size       Avg Latency(us)
1                       0.14
2                       0.13
4                       0.13
8                       0.13
16                      0.13
32                      0.14
64                      0.14
128                     0.21
256                     0.21
512                     0.23
1024                    0.26
2048                    0.30
4096                    0.44
8192                    0.64
16384                   1.11
32768                   1.66
65536                   3.34
131072                  6.01
262144                 61.98
524288                 86.23
1048576               133.06
2097152               222.22
4194304               341.28
