
# OSU MPI Latency Test v7.5.2
# Datatype: MPI_CHAR.
# Size       Avg Latency(us)
1                       0.13
2                       0.13
4                       0.13
8                       0.13
16                      0.13
32                      0.14
64                      0.14
128                     0.21
256                     0.21
512                     0.24
1024                    0.26
2048                    0.30
4096                    0.47
8192                    0.64
16384                   1.10
32768                   1.69
65536                   3.37
131072                  6.23
262144                 64.42
524288                 89.68
1048576               140.59
2097152               240.78
4194304               362.04
