
# OSU MPI Latency Test v8.0rc
# Datatype: MPI_CHAR.
# Size       Avg Latency(us)
1                       1.46
2                       1.44
4                       1.44
8                       1.45
16                      1.44
32                      1.62
64                      1.66
128                     2.20
256                     2.25
512                     2.41
1024                    2.67
2048                    2.96
4096                    3.79
8192                    4.63
16384                   6.18
32768                   8.08
65536                  10.98
131072                 17.10
262144                 28.45
524288                 49.92
1048576                92.97
2097152               180.13
4194304               349.80
