
# OSU MPI Latency Test v8.0rc
# Datatype: MPI_CHAR.
# Size       Avg Latency(us)
1                       1.46
2                       1.47
4                       1.45
8                       1.44
16                      1.46
32                      1.63
64                      1.67
128                     2.19
256                     2.26
512                     2.38
1024                    2.62
2048                    2.98
4096                    3.82
8192                    4.60
16384                   6.20
32768                   8.33
65536                  11.27
131072                 16.86
262144                 28.46
524288                 49.97
1048576                92.94
2097152               178.54
4194304               349.69
