
# OSU MPI Latency Test v8.0rc
# Datatype: MPI_CHAR.
# Size       Avg Latency(us)
1                       1.45
2                       1.44
4                       1.47
8                       1.46
16                      1.45
32                      1.62
64                      1.65
128                     2.19
256                     2.68
512                     2.79
1024                    2.67
2048                    2.99
4096                    3.81
8192                    4.67
16384                   6.21
32768                   8.25
65536                  13.56
131072                 19.02
262144                 28.53
524288                 49.97
1048576                92.92
2097152               178.53
4194304               349.73
