
# OSU MPI Latency Test v8.0rc
# Datatype: MPI_CHAR.
# Size       Avg Latency(us)
1                       0.17
2                       0.16
4                       0.15
8                       0.14
16                      0.14
32                      0.15
64                      0.15
128                     0.22
256                     0.22
512                     0.23
1024                    0.27
2048                    0.31
4096                    0.49
8192                    0.71
16384                   1.11
32768                   1.77
65536                   3.23
131072                  5.39
262144                 15.35
524288                 27.03
1048576                51.55
2097152                98.85
4194304               194.18
