
# OSU MPI Latency Test v8.0rc
# Datatype: MPI_CHAR.
# Size       Avg Latency(us)
1                       0.15
2                       0.14
4                       0.14
8                       0.14
16                      0.13
32                      0.15
64                      0.15
128                     0.22
256                     0.22
512                     0.24
1024                    0.27
2048                    0.31
4096                    0.49
8192                    0.71
16384                   1.12
32768                   1.78
65536                   3.21
131072                  5.42
262144                 14.59
524288                 27.88
1048576                53.01
2097152               100.86
4194304               196.72
