
# OSU MPI Latency Test v8.0rc
# Datatype: MPI_CHAR.
# Size       Avg Latency(us)
1                       0.15
2                       0.14
4                       0.14
8                       0.14
16                      0.14
32                      0.15
64                      0.15
128                     0.22
256                     0.22
512                     0.23
1024                    0.27
2048                    0.31
4096                    0.49
8192                    0.70
16384                   1.11
32768                   1.77
65536                   3.22
131072                  5.43
262144                 14.85
524288                 27.79
1048576                53.59
2097152               104.12
4194304               200.77
