
# OSU MPI Latency Test v8.0rc
# Datatype: MPI_CHAR.
# Size       Avg Latency(us)
1                       0.16
2                       0.14
4                       0.14
8                       0.14
16                      0.14
32                      0.15
64                      0.15
128                     0.22
256                     0.22
512                     0.24
1024                    0.27
2048                    0.32
4096                    0.51
8192                    0.71
16384                   1.12
32768                   1.79
65536                   3.22
131072                  5.45
262144                 14.89
524288                 27.57
1048576                52.08
2097152                99.31
4194304               192.50
