
# OSU MPI Latency Test v8.0rc
# Datatype: MPI_CHAR.
# Size       Avg Latency(us)
1                       0.14
2                       0.14
4                       0.14
8                       0.14
16                      0.14
32                      0.15
64                      0.15
128                     0.22
256                     0.22
512                     0.23
1024                    0.27
2048                    0.32
4096                    0.53
8192                    0.70
16384                   1.10
32768                   1.77
65536                   3.22
131072                  5.39
262144                 15.93
524288                 28.23
1048576                53.68
2097152               101.86
4194304               199.37
