
# OSU MPI Latency Test v8.0rc
# Datatype: MPI_CHAR.
# Size       Avg Latency(us)
1                       0.14
2                       0.13
4                       0.14
8                       0.14
16                      0.13
32                      0.15
64                      0.15
128                     0.22
256                     0.22
512                     0.24
1024                    0.27
2048                    0.32
4096                    0.50
8192                    0.71
16384                   1.12
32768                   2.11
65536                   3.28
131072                  6.01
262144                 15.02
524288                 28.09
1048576                54.06
2097152               103.07
4194304               198.07
