
# OSU MPI Latency Test v8.0rc
# Datatype: MPI_CHAR.
# Size       Avg Latency(us)
1                       0.15
2                       0.13
4                       0.13
8                       0.13
16                      0.14
32                      0.15
64                      0.15
128                     0.22
256                     0.22
512                     0.24
1024                    0.27
2048                    0.32
4096                    0.49
8192                    0.72
16384                   1.12
32768                   1.79
65536                   3.24
131072                  5.45
262144                 16.61
524288                 27.81
1048576                52.49
2097152               100.43
4194304               195.70
