
# OSU MPI Latency Test v8.0rc
# Datatype: MPI_CHAR.
# Size       Avg Latency(us)
1                       0.16
2                       0.14
4                       0.14
8                       0.14
16                      0.14
32                      0.15
64                      0.15
128                     0.22
256                     0.22
512                     0.24
1024                    0.27
2048                    0.32
4096                    0.52
8192                    0.71
16384                   1.12
32768                   2.11
65536                   3.25
131072                  6.01
262144                 16.97
524288                 28.55
1048576                54.49
2097152               105.61
4194304               201.54
