
# OSU MPI Latency Test v8.0rc
# Datatype: MPI_CHAR.
# Size       Avg Latency(us)
1                       0.16
2                       0.14
4                       0.14
8                       0.14
16                      0.14
32                      0.15
64                      0.15
128                     0.23
256                     0.23
512                     0.24
1024                    0.27
2048                    0.32
4096                    0.50
8192                    0.71
16384                   1.12
32768                   1.78
65536                   3.22
131072                  5.44
262144                 14.91
524288                 28.11
1048576                53.91
2097152               102.05
4194304               200.57
