
# OSU MPI Latency Test v8.0rc
# Datatype: MPI_CHAR.
# Size       Avg Latency(us)
1                       0.14
2                       0.14
4                       0.14
8                       0.14
16                      0.14
32                      0.16
64                      0.16
128                     0.23
256                     0.22
512                     0.24
1024                    0.27
2048                    0.32
4096                    0.50
8192                    0.71
16384                   1.12
32768                   2.13
65536                   3.27
131072                  6.02
262144                 15.10
524288                 27.99
1048576                54.04
2097152               100.84
4194304               193.72
