
# OSU MPI Latency Test v8.0rc
# Datatype: MPI_CHAR.
# Size       Avg Latency(us)
1                       0.18
2                       0.16
4                       0.16
8                       0.16
16                      0.17
32                      0.17
64                      0.18
128                     0.19
256                     0.22
512                     0.30
1024                    0.30
2048                    0.36
4096                    0.68
8192                    0.98
16384                   1.46
32768                   2.38
65536                   3.69
131072                  6.60
262144                 13.07
524288                 26.27
1048576                54.17
2097152               104.99
4194304               220.76
