
# OSU MPI Latency Test v8.0rc
# Datatype: MPI_CHAR.
# Size       Avg Latency(us)
1                       0.18
2                       0.16
4                       0.16
8                       0.19
16                      0.21
32                      0.21
64                      0.21
128                     0.23
256                     0.25
512                     0.30
1024                    0.31
2048                    0.34
4096                    0.67
8192                    0.99
16384                   1.48
32768                   2.39
65536                   3.70
131072                  6.29
262144                 12.71
524288                 25.71
1048576                51.90
2097152               105.22
4194304               233.73
