
# OSU MPI Latency Test v8.0rc
# Datatype: MPI_CHAR.
# Size       Avg Latency(us)
1                       0.19
2                       0.16
4                       0.18
8                       0.18
16                      0.18
32                      0.17
64                      0.18
128                     0.19
256                     0.21
512                     0.29
1024                    0.30
2048                    0.35
4096                    0.67
8192                    0.98
16384                   1.47
32768                   2.38
65536                   3.91
131072                  6.97
262144                 12.89
524288                 26.51
1048576                52.39
2097152               101.24
4194304               228.64
