
# OSU MPI Latency Test v8.0rc
# Datatype: MPI_CHAR.
# Size       Avg Latency(us)
1                       0.19
2                       0.19
4                       0.19
8                       0.18
16                      0.20
32                      0.17
64                      0.18
128                     0.19
256                     0.21
512                     0.30
1024                    0.31
2048                    0.35
4096                    0.67
8192                    0.99
16384                   1.46
32768                   2.40
65536                   3.71
131072                  6.17
262144                 12.04
524288                 25.12
1048576                50.14
2097152               100.74
4194304               225.18
