
# OSU MPI Latency Test v8.0rc
# Datatype: MPI_CHAR.
# Size       Avg Latency(us)
1                       0.18
2                       0.16
4                       0.16
8                       0.18
16                      0.17
32                      0.17
64                      0.18
128                     0.19
256                     0.21
512                     0.30
1024                    0.30
2048                    0.35
4096                    0.75
8192                    1.08
16384                   1.48
32768                   2.39
65536                   4.01
131072                  6.92
262144                 13.86
524288                 25.71
1048576                53.58
2097152               105.90
4194304               231.84
