
# OSU MPI Latency Test v8.0rc
# Datatype: MPI_CHAR.
# Size       Avg Latency(us)
1                       0.16
2                       0.16
4                       0.16
8                       0.16
16                      0.17
32                      0.17
64                      0.18
128                     0.21
256                     0.22
512                     0.34
1024                    0.30
2048                    0.36
4096                    0.66
8192                    0.97
16384                   1.45
32768                   2.36
65536                   3.69
131072                  6.36
262144                 11.80
524288                 27.60
1048576                50.09
2097152               103.81
4194304               226.55
