
# OSU MPI Latency Test v8.0rc
# Datatype: MPI_CHAR.
# Size       Avg Latency(us)
1                       0.16
2                       0.16
4                       0.18
8                       0.16
16                      0.18
32                      0.21
64                      0.19
128                     0.22
256                     0.21
512                     0.33
1024                    0.33
2048                    0.35
4096                    0.67
8192                    0.97
16384                   1.48
32768                   2.39
65536                   3.64
131072                  6.04
262144                 14.19
524288                 25.91
1048576                57.00
2097152               110.56
4194304               227.52
