
# OSU MPI Latency Test v8.0rc
# Datatype: MPI_CHAR.
# Size       Avg Latency(us)
1                       0.16
2                       0.16
4                       0.16
8                       0.16
16                      0.17
32                      0.17
64                      0.18
128                     0.19
256                     0.20
512                     0.29
1024                    0.32
2048                    0.40
4096                    0.68
8192                    1.10
16384                   1.73
32768                   2.49
65536                   4.10
131072                  8.03
262144                 12.32
524288                 27.37
1048576                52.74
2097152               104.28
4194304               226.13
