
# OSU MPI Latency Test v8.0rc
# Datatype: MPI_CHAR.
# Size       Avg Latency(us)
1                       0.18
2                       0.16
4                       0.16
8                       0.16
16                      0.17
32                      0.17
64                      0.18
128                     0.20
256                     0.24
512                     0.35
1024                    0.35
2048                    0.41
4096                    0.79
8192                    1.16
16384                   1.62
32768                   2.40
65536                   4.12
131072                  6.49
262144                 12.57
524288                 26.43
1048576                56.12
2097152               102.66
4194304               228.36
