
# OSU MPI Latency Test v8.0rc
# Datatype: MPI_CHAR.
# Size       Avg Latency(us)
1                       0.16
2                       0.16
4                       0.16
8                       0.16
16                      0.17
32                      0.17
64                      0.18
128                     0.19
256                     0.21
512                     0.29
1024                    0.30
2048                    0.35
4096                    0.66
8192                    0.98
16384                   1.46
32768                   2.37
65536                   3.65
131072                  6.01
262144                 12.11
524288                 27.87
1048576                49.85
2097152               104.20
4194304               227.39
